     115.8      76.8
     123.6      84.0
     121.6      76.4
     120.0      80.8
     122.8      81.4
     122.7      78.0
     118.2      80.4
     118.0      78.3
     126.9      86.0
     124.3      84.5
     122.0      78.4
     122.8      81.6
     117.9      72.7
     119.1      84.1
     122.1      77.0
     121.3      81.1
     120.8      81.8
     122.1      83.7
     119.5      77.1
     122.0      86.6
     120.8      77.4
     120.8      83.6
     123.0      80.9
     119.1      78.2
     121.7      77.8
     120.4      83.3
     121.6      80.1
     120.6      78.7
     121.7      77.1
     122.4      85.5
     124.5      90.2
     121.4      79.1
     120.6      79.8
     121.9      81.0
     121.4      76.6
     120.1      80.0
     123.6      82.5
     120.6      82.6
     119.1      79.6
     119.0      80.6
     127.5      79.2
     123.4      77.3
     124.9      80.0
     119.6      83.7
     121.6      80.0
     121.4      82.5
     123.6      80.8
     119.9      80.1
     118.5      80.5
     124.9      81.0
     121.2      79.9
     123.2      85.2
     123.7      81.3
     120.3      74.4
     118.5      80.1
     121.2      82.1
     125.3      83.2
     117.4      76.3
     118.6      74.7
     118.9      86.2
     122.5      83.0
     120.4      75.2
     120.6      79.4
     120.5      79.7
     121.2      79.9
     119.8      80.0
     122.4      77.7
     116.5      76.7
     121.0      80.3
     118.9      74.7
     118.9      85.3
     123.7      83.7
     118.3      84.3
     120.9      80.0
     121.3      77.7
     119.0      79.9
     122.8      80.4
     122.0      83.5
     123.1      81.1
     123.2      78.2
     120.5      80.9
     122.2      84.0
     123.1      81.3
     123.9      84.9
     118.1      80.9
     118.5      80.1
     120.2      78.3
     121.9      80.4
     120.8      83.6
     120.8      76.4
     125.3      83.9
     121.7      78.7
     123.2      83.0
     122.0      83.1
     123.8      80.7
     118.1      78.3
     127.8      82.4
     120.1      81.6
     122.6      80.3
     118.0      77.1
